{
 "cells": [
  {
   "cell_type": "code",
   "execution_count": 63,
   "metadata": {},
   "outputs": [],
   "source": [
    "import numpy as np\n",
    "import pandas as pd\n",
    "import matplotlib.pyplot as plt\n",
    "import seaborn as sns\n",
    "\n",
    "from pathlib import Path\n",
    "\n",
    "plt.style.use('seaborn-darkgrid')\n",
    "\n",
    "DATA_PATH = Path(\"__file__\").absolute().parent / 'data'\n",
    "COLORS = [\n",
    "    '#FFFF66', '#FF945A', '#319EA1', '#D14A89',\n",
    "    '#405E00', '#A0B7DA', '#FF6501', '#0082B6',\n",
    "    '#F4C541', '#E79798', '#CBBDA2', '#FDC975',\n",
    "         ]\n",
    "\n",
    "%matplotlib inline"
   ]
  },
  {
   "cell_type": "code",
   "execution_count": 84,
   "metadata": {},
   "outputs": [],
   "source": []
  },
  {
   "cell_type": "code",
   "execution_count": 64,
   "metadata": {},
   "outputs": [
    {
     "data": {
      "text/html": [
       "<div>\n",
       "<style scoped>\n",
       "    .dataframe tbody tr th:only-of-type {\n",
       "        vertical-align: middle;\n",
       "    }\n",
       "\n",
       "    .dataframe tbody tr th {\n",
       "        vertical-align: top;\n",
       "    }\n",
       "\n",
       "    .dataframe thead th {\n",
       "        text-align: right;\n",
       "    }\n",
       "</style>\n",
       "<table border=\"1\" class=\"dataframe\">\n",
       "  <thead>\n",
       "    <tr style=\"text-align: right;\">\n",
       "      <th></th>\n",
       "      <th>year</th>\n",
       "      <th>month</th>\n",
       "      <th>day</th>\n",
       "      <th>temperature</th>\n",
       "      <th>pressure</th>\n",
       "      <th>humidity</th>\n",
       "      <th>wind_dir</th>\n",
       "      <th>wind_speed</th>\n",
       "      <th>coluds_hight</th>\n",
       "      <th>rain</th>\n",
       "      <th>snow</th>\n",
       "      <th>fog</th>\n",
       "      <th>hail</th>\n",
       "      <th>drizzle</th>\n",
       "      <th>precipitation</th>\n",
       "      <th>ice_pellets</th>\n",
       "      <th>other</th>\n",
       "      <th>date</th>\n",
       "    </tr>\n",
       "    <tr>\n",
       "      <th>date</th>\n",
       "      <th></th>\n",
       "      <th></th>\n",
       "      <th></th>\n",
       "      <th></th>\n",
       "      <th></th>\n",
       "      <th></th>\n",
       "      <th></th>\n",
       "      <th></th>\n",
       "      <th></th>\n",
       "      <th></th>\n",
       "      <th></th>\n",
       "      <th></th>\n",
       "      <th></th>\n",
       "      <th></th>\n",
       "      <th></th>\n",
       "      <th></th>\n",
       "      <th></th>\n",
       "      <th></th>\n",
       "    </tr>\n",
       "  </thead>\n",
       "  <tbody>\n",
       "    <tr>\n",
       "      <th>2013-01-02</th>\n",
       "      <td>2013</td>\n",
       "      <td>1</td>\n",
       "      <td>2</td>\n",
       "      <td>3.175000</td>\n",
       "      <td>747.637500</td>\n",
       "      <td>87.375000</td>\n",
       "      <td>5.0</td>\n",
       "      <td>4.125000</td>\n",
       "      <td>8.0</td>\n",
       "      <td>0</td>\n",
       "      <td>1</td>\n",
       "      <td>0</td>\n",
       "      <td>0</td>\n",
       "      <td>1</td>\n",
       "      <td>0</td>\n",
       "      <td>1</td>\n",
       "      <td>0.0</td>\n",
       "      <td>2013-01-02</td>\n",
       "    </tr>\n",
       "    <tr>\n",
       "      <th>2013-01-03</th>\n",
       "      <td>2013</td>\n",
       "      <td>1</td>\n",
       "      <td>3</td>\n",
       "      <td>4.787500</td>\n",
       "      <td>774.800000</td>\n",
       "      <td>77.000000</td>\n",
       "      <td>8.0</td>\n",
       "      <td>3.000000</td>\n",
       "      <td>8.0</td>\n",
       "      <td>0</td>\n",
       "      <td>0</td>\n",
       "      <td>0</td>\n",
       "      <td>0</td>\n",
       "      <td>0</td>\n",
       "      <td>0</td>\n",
       "      <td>0</td>\n",
       "      <td>0.0</td>\n",
       "      <td>2013-01-03</td>\n",
       "    </tr>\n",
       "    <tr>\n",
       "      <th>2013-01-04</th>\n",
       "      <td>2013</td>\n",
       "      <td>1</td>\n",
       "      <td>4</td>\n",
       "      <td>1.950000</td>\n",
       "      <td>764.175000</td>\n",
       "      <td>63.125000</td>\n",
       "      <td>10.0</td>\n",
       "      <td>2.250000</td>\n",
       "      <td>9.0</td>\n",
       "      <td>0</td>\n",
       "      <td>0</td>\n",
       "      <td>0</td>\n",
       "      <td>0</td>\n",
       "      <td>0</td>\n",
       "      <td>0</td>\n",
       "      <td>0</td>\n",
       "      <td>0.0</td>\n",
       "      <td>2013-01-04</td>\n",
       "    </tr>\n",
       "    <tr>\n",
       "      <th>2013-01-05</th>\n",
       "      <td>2013</td>\n",
       "      <td>1</td>\n",
       "      <td>5</td>\n",
       "      <td>8.000000</td>\n",
       "      <td>764.787500</td>\n",
       "      <td>58.000000</td>\n",
       "      <td>6.0</td>\n",
       "      <td>6.375000</td>\n",
       "      <td>9.0</td>\n",
       "      <td>0</td>\n",
       "      <td>1</td>\n",
       "      <td>0</td>\n",
       "      <td>0</td>\n",
       "      <td>0</td>\n",
       "      <td>0</td>\n",
       "      <td>1</td>\n",
       "      <td>0.0</td>\n",
       "      <td>2013-01-05</td>\n",
       "    </tr>\n",
       "    <tr>\n",
       "      <th>2013-01-06</th>\n",
       "      <td>2013</td>\n",
       "      <td>1</td>\n",
       "      <td>6</td>\n",
       "      <td>10.637500</td>\n",
       "      <td>766.562500</td>\n",
       "      <td>75.375000</td>\n",
       "      <td>5.0</td>\n",
       "      <td>3.750000</td>\n",
       "      <td>8.0</td>\n",
       "      <td>0</td>\n",
       "      <td>1</td>\n",
       "      <td>0</td>\n",
       "      <td>0</td>\n",
       "      <td>0</td>\n",
       "      <td>0</td>\n",
       "      <td>1</td>\n",
       "      <td>0.0</td>\n",
       "      <td>2013-01-06</td>\n",
       "    </tr>\n",
       "    <tr>\n",
       "      <th>2013-01-07</th>\n",
       "      <td>2013</td>\n",
       "      <td>1</td>\n",
       "      <td>7</td>\n",
       "      <td>12.800000</td>\n",
       "      <td>757.025000</td>\n",
       "      <td>65.125000</td>\n",
       "      <td>6.0</td>\n",
       "      <td>2.875000</td>\n",
       "      <td>8.0</td>\n",
       "      <td>0</td>\n",
       "      <td>1</td>\n",
       "      <td>0</td>\n",
       "      <td>0</td>\n",
       "      <td>0</td>\n",
       "      <td>0</td>\n",
       "      <td>1</td>\n",
       "      <td>0.0</td>\n",
       "      <td>2013-01-07</td>\n",
       "    </tr>\n",
       "    <tr>\n",
       "      <th>2013-01-08</th>\n",
       "      <td>2013</td>\n",
       "      <td>1</td>\n",
       "      <td>8</td>\n",
       "      <td>15.425000</td>\n",
       "      <td>755.000000</td>\n",
       "      <td>93.625000</td>\n",
       "      <td>8.0</td>\n",
       "      <td>4.000000</td>\n",
       "      <td>5.0</td>\n",
       "      <td>0</td>\n",
       "      <td>1</td>\n",
       "      <td>0</td>\n",
       "      <td>0</td>\n",
       "      <td>0</td>\n",
       "      <td>0</td>\n",
       "      <td>1</td>\n",
       "      <td>0.0</td>\n",
       "      <td>2013-01-08</td>\n",
       "    </tr>\n",
       "    <tr>\n",
       "      <th>2013-01-09</th>\n",
       "      <td>2013</td>\n",
       "      <td>1</td>\n",
       "      <td>9</td>\n",
       "      <td>14.362500</td>\n",
       "      <td>763.375000</td>\n",
       "      <td>64.625000</td>\n",
       "      <td>5.0</td>\n",
       "      <td>4.000000</td>\n",
       "      <td>8.0</td>\n",
       "      <td>0</td>\n",
       "      <td>0</td>\n",
       "      <td>0</td>\n",
       "      <td>0</td>\n",
       "      <td>0</td>\n",
       "      <td>0</td>\n",
       "      <td>0</td>\n",
       "      <td>0.0</td>\n",
       "      <td>2013-01-09</td>\n",
       "    </tr>\n",
       "    <tr>\n",
       "      <th>2013-01-10</th>\n",
       "      <td>2013</td>\n",
       "      <td>1</td>\n",
       "      <td>10</td>\n",
       "      <td>12.237500</td>\n",
       "      <td>760.845833</td>\n",
       "      <td>74.416667</td>\n",
       "      <td>6.0</td>\n",
       "      <td>6.750000</td>\n",
       "      <td>7.0</td>\n",
       "      <td>0</td>\n",
       "      <td>0</td>\n",
       "      <td>0</td>\n",
       "      <td>0</td>\n",
       "      <td>0</td>\n",
       "      <td>0</td>\n",
       "      <td>0</td>\n",
       "      <td>0.0</td>\n",
       "      <td>2013-01-10</td>\n",
       "    </tr>\n",
       "    <tr>\n",
       "      <th>2013-01-11</th>\n",
       "      <td>2013</td>\n",
       "      <td>1</td>\n",
       "      <td>11</td>\n",
       "      <td>6.408333</td>\n",
       "      <td>748.887500</td>\n",
       "      <td>76.708333</td>\n",
       "      <td>7.0</td>\n",
       "      <td>5.416667</td>\n",
       "      <td>10.0</td>\n",
       "      <td>0</td>\n",
       "      <td>0</td>\n",
       "      <td>0</td>\n",
       "      <td>0</td>\n",
       "      <td>0</td>\n",
       "      <td>0</td>\n",
       "      <td>0</td>\n",
       "      <td>0.0</td>\n",
       "      <td>2013-01-11</td>\n",
       "    </tr>\n",
       "  </tbody>\n",
       "</table>\n",
       "</div>"
      ],
      "text/plain": [
       "            year  month  day  temperature    pressure   humidity  wind_dir  \\\n",
       "date                                                                         \n",
       "2013-01-02  2013      1    2     3.175000  747.637500  87.375000       5.0   \n",
       "2013-01-03  2013      1    3     4.787500  774.800000  77.000000       8.0   \n",
       "2013-01-04  2013      1    4     1.950000  764.175000  63.125000      10.0   \n",
       "2013-01-05  2013      1    5     8.000000  764.787500  58.000000       6.0   \n",
       "2013-01-06  2013      1    6    10.637500  766.562500  75.375000       5.0   \n",
       "2013-01-07  2013      1    7    12.800000  757.025000  65.125000       6.0   \n",
       "2013-01-08  2013      1    8    15.425000  755.000000  93.625000       8.0   \n",
       "2013-01-09  2013      1    9    14.362500  763.375000  64.625000       5.0   \n",
       "2013-01-10  2013      1   10    12.237500  760.845833  74.416667       6.0   \n",
       "2013-01-11  2013      1   11     6.408333  748.887500  76.708333       7.0   \n",
       "\n",
       "            wind_speed  coluds_hight  rain  snow  fog  hail  drizzle  \\\n",
       "date                                                                   \n",
       "2013-01-02    4.125000           8.0     0     1    0     0        1   \n",
       "2013-01-03    3.000000           8.0     0     0    0     0        0   \n",
       "2013-01-04    2.250000           9.0     0     0    0     0        0   \n",
       "2013-01-05    6.375000           9.0     0     1    0     0        0   \n",
       "2013-01-06    3.750000           8.0     0     1    0     0        0   \n",
       "2013-01-07    2.875000           8.0     0     1    0     0        0   \n",
       "2013-01-08    4.000000           5.0     0     1    0     0        0   \n",
       "2013-01-09    4.000000           8.0     0     0    0     0        0   \n",
       "2013-01-10    6.750000           7.0     0     0    0     0        0   \n",
       "2013-01-11    5.416667          10.0     0     0    0     0        0   \n",
       "\n",
       "            precipitation  ice_pellets  other       date  \n",
       "date                                                      \n",
       "2013-01-02              0            1    0.0 2013-01-02  \n",
       "2013-01-03              0            0    0.0 2013-01-03  \n",
       "2013-01-04              0            0    0.0 2013-01-04  \n",
       "2013-01-05              0            1    0.0 2013-01-05  \n",
       "2013-01-06              0            1    0.0 2013-01-06  \n",
       "2013-01-07              0            1    0.0 2013-01-07  \n",
       "2013-01-08              0            1    0.0 2013-01-08  \n",
       "2013-01-09              0            0    0.0 2013-01-09  \n",
       "2013-01-10              0            0    0.0 2013-01-10  \n",
       "2013-01-11              0            0    0.0 2013-01-11  "
      ]
     },
     "execution_count": 64,
     "metadata": {},
     "output_type": "execute_result"
    }
   ],
   "source": [
    "# Reading data and dropping usles or almost empty cols\n",
    "df = pd.read_csv(DATA_PATH / 'data_cleaned.csv')\n",
    "\n",
    "df.rename(columns={\"date\": \"year\", \"date.1\": \"month\", \"date.2\": \"day\"}, inplace=True)\n",
    "df['date'] = pd.to_datetime(df[['day','month','year']])\n",
    "df.index = df['date']\n",
    "\n",
    "df.head(10)"
   ]
  },
  {
   "cell_type": "code",
   "execution_count": 65,
   "metadata": {},
   "outputs": [
    {
     "data": {
      "text/html": [
       "<div>\n",
       "<style scoped>\n",
       "    .dataframe tbody tr th:only-of-type {\n",
       "        vertical-align: middle;\n",
       "    }\n",
       "\n",
       "    .dataframe tbody tr th {\n",
       "        vertical-align: top;\n",
       "    }\n",
       "\n",
       "    .dataframe thead th {\n",
       "        text-align: right;\n",
       "    }\n",
       "</style>\n",
       "<table border=\"1\" class=\"dataframe\">\n",
       "  <thead>\n",
       "    <tr style=\"text-align: right;\">\n",
       "      <th></th>\n",
       "      <th>year</th>\n",
       "      <th>month</th>\n",
       "      <th>day</th>\n",
       "      <th>temperature</th>\n",
       "      <th>pressure</th>\n",
       "      <th>humidity</th>\n",
       "      <th>wind_dir</th>\n",
       "      <th>wind_speed</th>\n",
       "      <th>coluds_hight</th>\n",
       "      <th>rain</th>\n",
       "      <th>snow</th>\n",
       "      <th>fog</th>\n",
       "      <th>hail</th>\n",
       "      <th>drizzle</th>\n",
       "      <th>precipitation</th>\n",
       "      <th>ice_pellets</th>\n",
       "      <th>other</th>\n",
       "    </tr>\n",
       "  </thead>\n",
       "  <tbody>\n",
       "    <tr>\n",
       "      <th>year</th>\n",
       "      <td>1.000000</td>\n",
       "      <td>-0.021260</td>\n",
       "      <td>-0.010544</td>\n",
       "      <td>-0.012514</td>\n",
       "      <td>-0.002466</td>\n",
       "      <td>0.037116</td>\n",
       "      <td>-0.053618</td>\n",
       "      <td>-0.015190</td>\n",
       "      <td>0.008885</td>\n",
       "      <td>0.035461</td>\n",
       "      <td>-0.138065</td>\n",
       "      <td>0.024333</td>\n",
       "      <td>0.020340</td>\n",
       "      <td>0.031001</td>\n",
       "      <td>0.025485</td>\n",
       "      <td>-0.226803</td>\n",
       "      <td>-0.019605</td>\n",
       "    </tr>\n",
       "    <tr>\n",
       "      <th>month</th>\n",
       "      <td>-0.021260</td>\n",
       "      <td>1.000000</td>\n",
       "      <td>0.004768</td>\n",
       "      <td>0.129167</td>\n",
       "      <td>-0.011051</td>\n",
       "      <td>0.150068</td>\n",
       "      <td>-0.033649</td>\n",
       "      <td>-0.059571</td>\n",
       "      <td>-0.015897</td>\n",
       "      <td>-0.012283</td>\n",
       "      <td>-0.086354</td>\n",
       "      <td>0.003549</td>\n",
       "      <td>0.030080</td>\n",
       "      <td>0.016288</td>\n",
       "      <td>-0.050430</td>\n",
       "      <td>-0.051403</td>\n",
       "      <td>-0.024125</td>\n",
       "    </tr>\n",
       "    <tr>\n",
       "      <th>day</th>\n",
       "      <td>-0.010544</td>\n",
       "      <td>0.004768</td>\n",
       "      <td>1.000000</td>\n",
       "      <td>0.077368</td>\n",
       "      <td>0.024952</td>\n",
       "      <td>0.002747</td>\n",
       "      <td>-0.026793</td>\n",
       "      <td>-0.038388</td>\n",
       "      <td>0.019336</td>\n",
       "      <td>0.016576</td>\n",
       "      <td>-0.034340</td>\n",
       "      <td>0.029029</td>\n",
       "      <td>-0.020700</td>\n",
       "      <td>-0.033340</td>\n",
       "      <td>-0.006267</td>\n",
       "      <td>-0.026643</td>\n",
       "      <td>0.017579</td>\n",
       "    </tr>\n",
       "    <tr>\n",
       "      <th>temperature</th>\n",
       "      <td>-0.012514</td>\n",
       "      <td>0.129167</td>\n",
       "      <td>0.077368</td>\n",
       "      <td>1.000000</td>\n",
       "      <td>0.093578</td>\n",
       "      <td>-0.089411</td>\n",
       "      <td>-0.017983</td>\n",
       "      <td>-0.040709</td>\n",
       "      <td>-0.202114</td>\n",
       "      <td>0.087918</td>\n",
       "      <td>-0.235097</td>\n",
       "      <td>0.088380</td>\n",
       "      <td>0.003012</td>\n",
       "      <td>-0.006988</td>\n",
       "      <td>-0.328390</td>\n",
       "      <td>-0.050035</td>\n",
       "      <td>0.064883</td>\n",
       "    </tr>\n",
       "    <tr>\n",
       "      <th>pressure</th>\n",
       "      <td>-0.002466</td>\n",
       "      <td>-0.011051</td>\n",
       "      <td>0.024952</td>\n",
       "      <td>0.093578</td>\n",
       "      <td>1.000000</td>\n",
       "      <td>-0.024924</td>\n",
       "      <td>0.152827</td>\n",
       "      <td>-0.268460</td>\n",
       "      <td>0.036764</td>\n",
       "      <td>0.050938</td>\n",
       "      <td>-0.073695</td>\n",
       "      <td>0.031211</td>\n",
       "      <td>0.008876</td>\n",
       "      <td>-0.102059</td>\n",
       "      <td>-0.004441</td>\n",
       "      <td>-0.038201</td>\n",
       "      <td>0.067337</td>\n",
       "    </tr>\n",
       "    <tr>\n",
       "      <th>humidity</th>\n",
       "      <td>0.037116</td>\n",
       "      <td>0.150068</td>\n",
       "      <td>0.002747</td>\n",
       "      <td>-0.089411</td>\n",
       "      <td>-0.024924</td>\n",
       "      <td>1.000000</td>\n",
       "      <td>0.196355</td>\n",
       "      <td>-0.228694</td>\n",
       "      <td>-0.588783</td>\n",
       "      <td>0.459706</td>\n",
       "      <td>0.171543</td>\n",
       "      <td>0.270472</td>\n",
       "      <td>0.027970</td>\n",
       "      <td>0.367567</td>\n",
       "      <td>0.013503</td>\n",
       "      <td>-0.019054</td>\n",
       "      <td>0.372117</td>\n",
       "    </tr>\n",
       "    <tr>\n",
       "      <th>wind_dir</th>\n",
       "      <td>-0.053618</td>\n",
       "      <td>-0.033649</td>\n",
       "      <td>-0.026793</td>\n",
       "      <td>-0.017983</td>\n",
       "      <td>0.152827</td>\n",
       "      <td>0.196355</td>\n",
       "      <td>1.000000</td>\n",
       "      <td>-0.290476</td>\n",
       "      <td>-0.265689</td>\n",
       "      <td>0.185797</td>\n",
       "      <td>0.089552</td>\n",
       "      <td>0.199578</td>\n",
       "      <td>-0.009461</td>\n",
       "      <td>0.081907</td>\n",
       "      <td>0.050166</td>\n",
       "      <td>0.071843</td>\n",
       "      <td>0.152509</td>\n",
       "    </tr>\n",
       "    <tr>\n",
       "      <th>wind_speed</th>\n",
       "      <td>-0.015190</td>\n",
       "      <td>-0.059571</td>\n",
       "      <td>-0.038388</td>\n",
       "      <td>-0.040709</td>\n",
       "      <td>-0.268460</td>\n",
       "      <td>-0.228694</td>\n",
       "      <td>-0.290476</td>\n",
       "      <td>1.000000</td>\n",
       "      <td>0.058103</td>\n",
       "      <td>-0.152049</td>\n",
       "      <td>0.049254</td>\n",
       "      <td>-0.246805</td>\n",
       "      <td>0.023102</td>\n",
       "      <td>0.067395</td>\n",
       "      <td>0.066219</td>\n",
       "      <td>0.033120</td>\n",
       "      <td>-0.108750</td>\n",
       "    </tr>\n",
       "    <tr>\n",
       "      <th>coluds_hight</th>\n",
       "      <td>0.008885</td>\n",
       "      <td>-0.015897</td>\n",
       "      <td>0.019336</td>\n",
       "      <td>-0.202114</td>\n",
       "      <td>0.036764</td>\n",
       "      <td>-0.588783</td>\n",
       "      <td>-0.265689</td>\n",
       "      <td>0.058103</td>\n",
       "      <td>1.000000</td>\n",
       "      <td>-0.416774</td>\n",
       "      <td>-0.199039</td>\n",
       "      <td>-0.367150</td>\n",
       "      <td>-0.035673</td>\n",
       "      <td>-0.371407</td>\n",
       "      <td>0.029439</td>\n",
       "      <td>-0.054118</td>\n",
       "      <td>-0.394078</td>\n",
       "    </tr>\n",
       "    <tr>\n",
       "      <th>rain</th>\n",
       "      <td>0.035461</td>\n",
       "      <td>-0.012283</td>\n",
       "      <td>0.016576</td>\n",
       "      <td>0.087918</td>\n",
       "      <td>0.050938</td>\n",
       "      <td>0.459706</td>\n",
       "      <td>0.185797</td>\n",
       "      <td>-0.152049</td>\n",
       "      <td>-0.416774</td>\n",
       "      <td>1.000000</td>\n",
       "      <td>0.075773</td>\n",
       "      <td>0.330710</td>\n",
       "      <td>0.029360</td>\n",
       "      <td>0.163064</td>\n",
       "      <td>-0.073786</td>\n",
       "      <td>-0.010782</td>\n",
       "      <td>0.626500</td>\n",
       "    </tr>\n",
       "    <tr>\n",
       "      <th>snow</th>\n",
       "      <td>-0.138065</td>\n",
       "      <td>-0.086354</td>\n",
       "      <td>-0.034340</td>\n",
       "      <td>-0.235097</td>\n",
       "      <td>-0.073695</td>\n",
       "      <td>0.171543</td>\n",
       "      <td>0.089552</td>\n",
       "      <td>0.049254</td>\n",
       "      <td>-0.199039</td>\n",
       "      <td>0.075773</td>\n",
       "      <td>1.000000</td>\n",
       "      <td>0.021802</td>\n",
       "      <td>0.046765</td>\n",
       "      <td>0.345608</td>\n",
       "      <td>0.275674</td>\n",
       "      <td>0.422986</td>\n",
       "      <td>0.016216</td>\n",
       "    </tr>\n",
       "    <tr>\n",
       "      <th>fog</th>\n",
       "      <td>0.024333</td>\n",
       "      <td>0.003549</td>\n",
       "      <td>0.029029</td>\n",
       "      <td>0.088380</td>\n",
       "      <td>0.031211</td>\n",
       "      <td>0.270472</td>\n",
       "      <td>0.199578</td>\n",
       "      <td>-0.246805</td>\n",
       "      <td>-0.367150</td>\n",
       "      <td>0.330710</td>\n",
       "      <td>0.021802</td>\n",
       "      <td>1.000000</td>\n",
       "      <td>-0.007065</td>\n",
       "      <td>0.065801</td>\n",
       "      <td>-0.051215</td>\n",
       "      <td>-0.015329</td>\n",
       "      <td>0.244197</td>\n",
       "    </tr>\n",
       "    <tr>\n",
       "      <th>hail</th>\n",
       "      <td>0.020340</td>\n",
       "      <td>0.030080</td>\n",
       "      <td>-0.020700</td>\n",
       "      <td>0.003012</td>\n",
       "      <td>0.008876</td>\n",
       "      <td>0.027970</td>\n",
       "      <td>-0.009461</td>\n",
       "      <td>0.023102</td>\n",
       "      <td>-0.035673</td>\n",
       "      <td>0.029360</td>\n",
       "      <td>0.046765</td>\n",
       "      <td>-0.007065</td>\n",
       "      <td>1.000000</td>\n",
       "      <td>0.030585</td>\n",
       "      <td>-0.004271</td>\n",
       "      <td>-0.003274</td>\n",
       "      <td>0.020311</td>\n",
       "    </tr>\n",
       "    <tr>\n",
       "      <th>drizzle</th>\n",
       "      <td>0.031001</td>\n",
       "      <td>0.016288</td>\n",
       "      <td>-0.033340</td>\n",
       "      <td>-0.006988</td>\n",
       "      <td>-0.102059</td>\n",
       "      <td>0.367567</td>\n",
       "      <td>0.081907</td>\n",
       "      <td>0.067395</td>\n",
       "      <td>-0.371407</td>\n",
       "      <td>0.163064</td>\n",
       "      <td>0.345608</td>\n",
       "      <td>0.065801</td>\n",
       "      <td>0.030585</td>\n",
       "      <td>1.000000</td>\n",
       "      <td>0.009937</td>\n",
       "      <td>0.009484</td>\n",
       "      <td>0.053090</td>\n",
       "    </tr>\n",
       "    <tr>\n",
       "      <th>precipitation</th>\n",
       "      <td>0.025485</td>\n",
       "      <td>-0.050430</td>\n",
       "      <td>-0.006267</td>\n",
       "      <td>-0.328390</td>\n",
       "      <td>-0.004441</td>\n",
       "      <td>0.013503</td>\n",
       "      <td>0.050166</td>\n",
       "      <td>0.066219</td>\n",
       "      <td>0.029439</td>\n",
       "      <td>-0.073786</td>\n",
       "      <td>0.275674</td>\n",
       "      <td>-0.051215</td>\n",
       "      <td>-0.004271</td>\n",
       "      <td>0.009937</td>\n",
       "      <td>1.000000</td>\n",
       "      <td>0.046677</td>\n",
       "      <td>-0.073681</td>\n",
       "    </tr>\n",
       "    <tr>\n",
       "      <th>ice_pellets</th>\n",
       "      <td>-0.226803</td>\n",
       "      <td>-0.051403</td>\n",
       "      <td>-0.026643</td>\n",
       "      <td>-0.050035</td>\n",
       "      <td>-0.038201</td>\n",
       "      <td>-0.019054</td>\n",
       "      <td>0.071843</td>\n",
       "      <td>0.033120</td>\n",
       "      <td>-0.054118</td>\n",
       "      <td>-0.010782</td>\n",
       "      <td>0.422986</td>\n",
       "      <td>-0.015329</td>\n",
       "      <td>-0.003274</td>\n",
       "      <td>0.009484</td>\n",
       "      <td>0.046677</td>\n",
       "      <td>1.000000</td>\n",
       "      <td>-0.020419</td>\n",
       "    </tr>\n",
       "    <tr>\n",
       "      <th>other</th>\n",
       "      <td>-0.019605</td>\n",
       "      <td>-0.024125</td>\n",
       "      <td>0.017579</td>\n",
       "      <td>0.064883</td>\n",
       "      <td>0.067337</td>\n",
       "      <td>0.372117</td>\n",
       "      <td>0.152509</td>\n",
       "      <td>-0.108750</td>\n",
       "      <td>-0.394078</td>\n",
       "      <td>0.626500</td>\n",
       "      <td>0.016216</td>\n",
       "      <td>0.244197</td>\n",
       "      <td>0.020311</td>\n",
       "      <td>0.053090</td>\n",
       "      <td>-0.073681</td>\n",
       "      <td>-0.020419</td>\n",
       "      <td>1.000000</td>\n",
       "    </tr>\n",
       "  </tbody>\n",
       "</table>\n",
       "</div>"
      ],
      "text/plain": [
       "                   year     month       day  temperature  pressure  humidity  \\\n",
       "year           1.000000 -0.021260 -0.010544    -0.012514 -0.002466  0.037116   \n",
       "month         -0.021260  1.000000  0.004768     0.129167 -0.011051  0.150068   \n",
       "day           -0.010544  0.004768  1.000000     0.077368  0.024952  0.002747   \n",
       "temperature   -0.012514  0.129167  0.077368     1.000000  0.093578 -0.089411   \n",
       "pressure      -0.002466 -0.011051  0.024952     0.093578  1.000000 -0.024924   \n",
       "humidity       0.037116  0.150068  0.002747    -0.089411 -0.024924  1.000000   \n",
       "wind_dir      -0.053618 -0.033649 -0.026793    -0.017983  0.152827  0.196355   \n",
       "wind_speed    -0.015190 -0.059571 -0.038388    -0.040709 -0.268460 -0.228694   \n",
       "coluds_hight   0.008885 -0.015897  0.019336    -0.202114  0.036764 -0.588783   \n",
       "rain           0.035461 -0.012283  0.016576     0.087918  0.050938  0.459706   \n",
       "snow          -0.138065 -0.086354 -0.034340    -0.235097 -0.073695  0.171543   \n",
       "fog            0.024333  0.003549  0.029029     0.088380  0.031211  0.270472   \n",
       "hail           0.020340  0.030080 -0.020700     0.003012  0.008876  0.027970   \n",
       "drizzle        0.031001  0.016288 -0.033340    -0.006988 -0.102059  0.367567   \n",
       "precipitation  0.025485 -0.050430 -0.006267    -0.328390 -0.004441  0.013503   \n",
       "ice_pellets   -0.226803 -0.051403 -0.026643    -0.050035 -0.038201 -0.019054   \n",
       "other         -0.019605 -0.024125  0.017579     0.064883  0.067337  0.372117   \n",
       "\n",
       "               wind_dir  wind_speed  coluds_hight      rain      snow  \\\n",
       "year          -0.053618   -0.015190      0.008885  0.035461 -0.138065   \n",
       "month         -0.033649   -0.059571     -0.015897 -0.012283 -0.086354   \n",
       "day           -0.026793   -0.038388      0.019336  0.016576 -0.034340   \n",
       "temperature   -0.017983   -0.040709     -0.202114  0.087918 -0.235097   \n",
       "pressure       0.152827   -0.268460      0.036764  0.050938 -0.073695   \n",
       "humidity       0.196355   -0.228694     -0.588783  0.459706  0.171543   \n",
       "wind_dir       1.000000   -0.290476     -0.265689  0.185797  0.089552   \n",
       "wind_speed    -0.290476    1.000000      0.058103 -0.152049  0.049254   \n",
       "coluds_hight  -0.265689    0.058103      1.000000 -0.416774 -0.199039   \n",
       "rain           0.185797   -0.152049     -0.416774  1.000000  0.075773   \n",
       "snow           0.089552    0.049254     -0.199039  0.075773  1.000000   \n",
       "fog            0.199578   -0.246805     -0.367150  0.330710  0.021802   \n",
       "hail          -0.009461    0.023102     -0.035673  0.029360  0.046765   \n",
       "drizzle        0.081907    0.067395     -0.371407  0.163064  0.345608   \n",
       "precipitation  0.050166    0.066219      0.029439 -0.073786  0.275674   \n",
       "ice_pellets    0.071843    0.033120     -0.054118 -0.010782  0.422986   \n",
       "other          0.152509   -0.108750     -0.394078  0.626500  0.016216   \n",
       "\n",
       "                    fog      hail   drizzle  precipitation  ice_pellets  \\\n",
       "year           0.024333  0.020340  0.031001       0.025485    -0.226803   \n",
       "month          0.003549  0.030080  0.016288      -0.050430    -0.051403   \n",
       "day            0.029029 -0.020700 -0.033340      -0.006267    -0.026643   \n",
       "temperature    0.088380  0.003012 -0.006988      -0.328390    -0.050035   \n",
       "pressure       0.031211  0.008876 -0.102059      -0.004441    -0.038201   \n",
       "humidity       0.270472  0.027970  0.367567       0.013503    -0.019054   \n",
       "wind_dir       0.199578 -0.009461  0.081907       0.050166     0.071843   \n",
       "wind_speed    -0.246805  0.023102  0.067395       0.066219     0.033120   \n",
       "coluds_hight  -0.367150 -0.035673 -0.371407       0.029439    -0.054118   \n",
       "rain           0.330710  0.029360  0.163064      -0.073786    -0.010782   \n",
       "snow           0.021802  0.046765  0.345608       0.275674     0.422986   \n",
       "fog            1.000000 -0.007065  0.065801      -0.051215    -0.015329   \n",
       "hail          -0.007065  1.000000  0.030585      -0.004271    -0.003274   \n",
       "drizzle        0.065801  0.030585  1.000000       0.009937     0.009484   \n",
       "precipitation -0.051215 -0.004271  0.009937       1.000000     0.046677   \n",
       "ice_pellets   -0.015329 -0.003274  0.009484       0.046677     1.000000   \n",
       "other          0.244197  0.020311  0.053090      -0.073681    -0.020419   \n",
       "\n",
       "                  other  \n",
       "year          -0.019605  \n",
       "month         -0.024125  \n",
       "day            0.017579  \n",
       "temperature    0.064883  \n",
       "pressure       0.067337  \n",
       "humidity       0.372117  \n",
       "wind_dir       0.152509  \n",
       "wind_speed    -0.108750  \n",
       "coluds_hight  -0.394078  \n",
       "rain           0.626500  \n",
       "snow           0.016216  \n",
       "fog            0.244197  \n",
       "hail           0.020311  \n",
       "drizzle        0.053090  \n",
       "precipitation -0.073681  \n",
       "ice_pellets   -0.020419  \n",
       "other          1.000000  "
      ]
     },
     "execution_count": 65,
     "metadata": {},
     "output_type": "execute_result"
    }
   ],
   "source": [
    "df.corr()"
   ]
  },
  {
   "cell_type": "code",
   "execution_count": 66,
   "metadata": {},
   "outputs": [
    {
     "data": {
